accuracy: 0.4000000059604645
f1score: 0.5714285969734192
precision: 0.4000000059604645
recall: 1.0
specificity: 0.0
.... next ....
accuracy: 0.5333333611488342
f1score: 0.6956522464752197
precision: 0.5333333611488342
recall: 1.0
specificity: 0.0
.... next ....
mean accuracy: 0.46666668355464935
std accuracy: 0.06666667759418488
