accuracy: 0.9333333373069763
f1score: 0.9333333373069763
precision: 1.0
recall: 0.875
specificity: 1.0
.... next ....
accuracy: 0.800000011920929
f1score: 0.4000000059604645
precision: 1.0
recall: 0.25
specificity: 1.0
.... next ....
mean accuracy: 0.8666666746139526
std accuracy: 0.06666666269302368
