accuracy: 0.800000011920929
f1score: 0.7272727489471436
specificity: 1.0
.... next ....
accuracy: 0.9333333373069763
f1score: 0.888888955116272
specificity: 1.0
.... next ....
