accuracy: 0.2666666805744171
f1score: 0.0
precision: 0.0
recall: 0.0
specificity: 1.0
.... next ....
accuracy: 0.6666666865348816
f1score: 0.800000011920929
precision: 0.6666666865348816
recall: 1.0
specificity: 0.0
.... next ....
mean accuracy: 0.46666668355464935
std accuracy: 0.20000000298023224
