accuracy: 0.5333333611488342
f1score: 0.0
specificity: 1.0
.... next ....
accuracy: 0.6666666865348816
f1score: 0.800000011920929
specificity: 0.0
.... next ....
mean accuracy: 0.6000000238418579
std accuracy: 0.06666666269302368
