accuracy: 0.3333333432674408
f1score: 0.0
precision: 0.0
recall: 0.0
specificity: 1.0
.... next ....
accuracy: 0.4000000059604645
f1score: 0.0
precision: 0.0
recall: 0.0
specificity: 1.0
.... next ....
mean accuracy: 0.36666667461395264
std accuracy: 0.03333333134651184
