accuracy: 0.7333333492279053
f1score: 0.8461538553237915
precision: 0.7333333492279053
recall: 1.0
specificity: 0.0
.... next ....
accuracy: 0.6666666865348816
f1score: 0.800000011920929
precision: 0.6666666865348816
recall: 1.0
specificity: 0.0
.... next ....
