accuracy: 0.5333333611488342
f1score: 0.6956522464752197
precision: 0.5333333611488342
recall: 1.0
specificity: 0.0
.... next ....
accuracy: 0.6000000238418579
f1score: 0.75
precision: 0.6000000238418579
recall: 1.0
specificity: 0.0
.... next ....
