accuracy: 0.4000000059604645
f1score: 0.5714285969734192
precision: 0.4000000059604645
recall: 1.0
specificity: 0.0
.... next ....
accuracy: 0.6666666865348816
f1score: 0.0
precision: 0.0
recall: 0.0
specificity: 1.0
.... next ....
mean accuracy: 0.533333346247673
std accuracy: 0.13333334028720856
