accuracy: 0.6000000238418579
f1score: 0.75
specificity: 0.0
.... next ....
accuracy: 0.46666666865348816
f1score: 0.0
specificity: 1.0
.... next ....
mean accuracy: 0.533333346247673
std accuracy: 0.06666667759418488
