accuracy: 0.9333333373069763
f1score: 0.9333333373069763
specificity: 1.0
.... next ....
accuracy: 0.9333333373069763
f1score: 0.9333333373069763
specificity: 1.0
.... next ....
mean accuracy: 0.9333333373069763
std accuracy: 0.0
