accuracy: 0.6666666865348816
f1score: 0.800000011920929
precision: 0.6666666865348816
recall: 1.0
specificity: 0.0
.... next ....
accuracy: 0.46666666865348816
f1score: 0.6363636255264282
precision: 0.46666666865348816
recall: 1.0
specificity: 0.0
.... next ....
mean accuracy: 0.5666666775941849
std accuracy: 0.10000000894069672
