accuracy: 0.46666666865348816
f1score: 0.6363636255264282
precision: 0.46666666865348816
recall: 1.0
specificity: 0.0
.... next ....
accuracy: 0.46666666865348816
f1score: 0.6363636255264282
precision: 0.46666666865348816
recall: 1.0
specificity: 0.0
.... next ....
