accuracy: 0.6666666865348816
f1score: 0.0
specificity: 1.0
.... next ....
accuracy: 0.46666666865348816
f1score: 0.0
specificity: 1.0
.... next ....
mean accuracy: 0.5666666775941849
std accuracy: 0.10000000894069672
