accuracy: 0.5333333611488342
f1score: 0.0
precision: 0.0
recall: 0.0
specificity: 1.0
.... next ....
accuracy: 0.7333333492279053
f1score: 0.8461538553237915
precision: 0.7333333492279053
recall: 1.0
specificity: 0.0
.... next ....
mean accuracy: 0.6333333551883698
std accuracy: 0.09999999403953552
