accuracy: 0.3333333432674408
f1score: 0.5
specificity: 0.0
.... next ....
accuracy: 0.6000000238418579
f1score: 0.0
specificity: 1.0
.... next ....
