accuracy: 0.7333333492279053
f1score: 0.0
specificity: 1.0
.... next ....
accuracy: 0.46666666865348816
f1score: 0.0
specificity: 1.0
.... next ....
