accuracy: 0.6000000238418579
f1score: 0.75
specificity: 0.0
.... next ....
accuracy: 0.4000000059604645
f1score: 0.0
specificity: 1.0
.... next ....
