accuracy: 0.9333333373069763
f1score: 0.9230769276618958
specificity: 1.0
.... next ....
accuracy: 1.0
f1score: 1.0
specificity: 1.0
.... next ....
