accuracy: 0.9333333373069763
f1score: 0.9333333373069763
precision: 1.0
recall: 0.875
specificity: 1.0
.... next ....
accuracy: 0.8666666746139526
f1score: 0.800000011920929
precision: 1.0
recall: 0.6666666865348816
specificity: 1.0
.... next ....
mean accuracy: 0.9000000059604645
std accuracy: 0.03333333134651184
