accuracy: 0.6666666865348816
f1score: 0.0
specificity: 1.0
.... next ....
accuracy: 0.6000000238418579
f1score: 0.75
specificity: 0.0
.... next ....
