accuracy: 0.46666666865348816
f1score: 0.6363636255264282
specificity: 0.0
.... next ....
accuracy: 0.3333333432674408
f1score: 0.5
specificity: 0.0
.... next ....
