accuracy: 0.6666666865348816
f1score: 0.0
specificity: 1.0
.... next ....
accuracy: 0.6666666865348816
f1score: 0.800000011920929
specificity: 0.0
.... next ....
