accuracy: 0.46666666865348816
f1score: 0.6363636255264282
specificity: 0.0
.... next ....
accuracy: 0.6000000238418579
f1score: 0.75
specificity: 0.0
.... next ....
