accuracy: 0.6000000238418579
f1score: 0.0
precision: 0.0
recall: 0.0
specificity: 1.0
.... next ....
accuracy: 0.5333333611488342
f1score: 0.0
precision: 0.0
recall: 0.0
specificity: 1.0
.... next ....
