accuracy: 0.46666666865348816
f1score: 0.6363636255264282
specificity: 0.0
.... next ....
accuracy: 0.2666666805744171
f1score: 0.4210526645183563
specificity: 0.0
.... next ....
