accuracy: 0.6000000238418579
f1score: 0.0
precision: 0.0
recall: 0.0
specificity: 1.0
.... next ....
accuracy: 0.6000000238418579
f1score: 0.75
precision: 0.6000000238418579
recall: 1.0
specificity: 0.0
.... next ....
mean accuracy: 0.6000000238418579
std accuracy: 0.0
